# 50m denoise hyperparameter grid, 216 arms
# job 8840408, 216 arms with results
# scored 8,584-8,584 test spectra / 1,679,318-1,680,125 peaks  (test split is 9,893 spectra)
# metric: test_auroc on per-peak noise classification, sorted best first

THE TOP CLUSTER IS NOT RESOLVED. The best eight arms span 0.0023 across three head
widths and two encoder scales, against a seed noise of 0.0005 measured at a fixed
configuration (results/denoise_scale_seeds.txt). Most of the ranking inside that
cluster is not a measurement. Do not quote a winner without the error bar.

encoder_lr_scale 0 means a FROZEN encoder: those arms collapse, which is the one
unambiguous result in this grid.

  arm                               lr      es      ep       h       b    AUROC      F1   AUPRC
  ---------------------------------------------------------------------------------------------
  lr2e4_es05_ep4_h512_b12         2e-4     0.5       4     512      12   0.9320  0.8632  0.9402
  lr2e4_es05_ep4_h128_b12         2e-4     0.5       4     128      12   0.9319  0.8630  0.9401
  lr2e4_es05_ep4_h256_b12         2e-4     0.5       4     256      12   0.9319  0.8627  0.9401
  lr2e4_es10_ep4_h256             2e-4     1.0       4     256           0.9317  0.8626  0.9399
  lr2e4_es10_ep4_h128             2e-4     1.0       4     128           0.9315  0.8624  0.9397
  lr2e4_es10_ep4_h512             2e-4     1.0       4     512           0.9314  0.8622  0.9397
  lr2e4_es10_ep4_h512_b12         2e-4     1.0       4     512      12   0.9302  0.8610  0.9388
  lr2e4_es10_ep4_h256_b12         2e-4     1.0       4     256      12   0.9297  0.8603  0.9384
  lr2e4_es05_ep4_h128             2e-4     0.5       4     128           0.9294  0.8598  0.9376
  lr2e4_es05_ep4_h512             2e-4     0.5       4     512           0.9290  0.8592  0.9373
  lr2e4_es05_ep4_h256             2e-4     0.5       4     256           0.9287  0.8593  0.9371
  lr2e4_es10_ep4_h128_b144        2e-4     1.0       4     128     144   0.9287  0.8592  0.9370
  lr2e4_es10_ep4_h512_b144        2e-4     1.0       4     512     144   0.9285  0.8589  0.9368
  lr2e4_es10_ep4_h256_b144        2e-4     1.0       4     256     144   0.9280  0.8587  0.9365
  lr2e4_es05_ep2_h512_b12         2e-4     0.5       2     512      12   0.9272  0.8575  0.9357
  lr2e4_es05_ep2_h128_b12         2e-4     0.5       2     128      12   0.9271  0.8572  0.9357
  lr2e4_es05_ep2_h256_b12         2e-4     0.5       2     256      12   0.9270  0.8571  0.9355
  lr2e4_es10_ep2_h512_b12         2e-4     1.0       2     512      12   0.9261  0.8563  0.9349
  lr2e4_es10_ep2_h128_b12         2e-4     1.0       2     128      12   0.9260  0.8559  0.9348
  lr2e4_es10_ep2_h128             2e-4     1.0       2     128           0.9260  0.8562  0.9347
  lr2e4_es10_ep2_h256             2e-4     1.0       2     256           0.9260  0.8560  0.9347
  lr2e4_es10_ep2_h256_b12         2e-4     1.0       2     256      12   0.9258  0.8558  0.9346
  lr2e4_es10_ep4_h128_b12         2e-4     1.0       4     128      12   0.9230  0.8513  0.9326
  lr2e4_es05_ep4_h512_b144        2e-4     0.5       4     512     144   0.9227  0.8529  0.9315
  lr2e4_es05_ep4_h128_b144        2e-4     0.5       4     128     144   0.9224  0.8526  0.9313
  lr2e4_es01_ep4_h512_b12         2e-4     0.1       4     512      12   0.9224  0.8527  0.9311
  lr2e4_es05_ep4_h256_b144        2e-4     0.5       4     256     144   0.9218  0.8519  0.9309
  lr2e4_es05_ep2_h128             2e-4     0.5       2     128           0.9218  0.8516  0.9308
  lr2e4_es05_ep2_h512             2e-4     0.5       2     512           0.9217  0.8517  0.9307
  lr2e4_es01_ep4_h128_b12         2e-4     0.1       4     128      12   0.9216  0.8518  0.9305
  lr2e4_es01_ep4_h256_b12         2e-4     0.1       4     256      12   0.9215  0.8517  0.9305
  lr2e4_es05_ep2_h256             2e-4     0.5       2     256           0.9209  0.8510  0.9301
  lr2e4_es10_ep2_h128_b144        2e-4     1.0       2     128     144   0.9201  0.8499  0.9293
  lr2e4_es10_ep2_h512_b144        2e-4     1.0       2     512     144   0.9201  0.8497  0.9293
  lr2e4_es10_ep2_h256_b144        2e-4     1.0       2     256     144   0.9192  0.8491  0.9285
  lr2e4_es01_ep2_h512_b12         2e-4     0.1       2     512      12   0.9118  0.8411  0.9219
  lr2e4_es01_ep2_h128_b12         2e-4     0.1       2     128      12   0.9108  0.8401  0.9211
  lr2e4_es01_ep2_h256_b12         2e-4     0.1       2     256      12   0.9106  0.8400  0.9209
  lr2e4_es05_ep2_h512_b144        2e-4     0.5       2     512     144   0.9098  0.8392  0.9203
  lr2e4_es10_ep2_h512             2e-4     1.0       2     512           0.9097  0.8390  0.9200
  lr2e4_es05_ep2_h128_b144        2e-4     0.5       2     128     144   0.9097  0.8392  0.9200
  lr2e4_es01_ep4_h512             2e-4     0.1       4     512           0.9097  0.8392  0.9200
  lr1e5_es10_ep4_h512_b12         1e-5     1.0       4     512      12   0.9090  0.8387  0.9194
  lr2e4_es05_ep2_h256_b144        2e-4     0.5       2     256     144   0.9087  0.8380  0.9193
  lr2e4_es01_ep4_h128             2e-4     0.1       4     128           0.9082  0.8378  0.9188
  lr2e4_es01_ep4_h256             2e-4     0.1       4     256           0.9080  0.8373  0.9186
  lr1e5_es10_ep4_h256_b12         1e-5     1.0       4     256      12   0.9077  0.8375  0.9185
  lr1e5_es10_ep4_h128_b12         1e-5     1.0       4     128      12   0.9077  0.8380  0.9183
  lr2e4_es01_ep2_h512             2e-4     0.1       2     512           0.8935  0.8230  0.9060
  lr1e5_es10_ep2_h512_b12         1e-5     1.0       2     512      12   0.8928  0.8227  0.9055
  lr1e5_es05_ep4_h512_b12         1e-5     0.5       4     512      12   0.8925  0.8224  0.9053
  lr1e5_es05_ep4_h256_b12         1e-5     0.5       4     256      12   0.8924  0.8219  0.9053
  lr1e5_es10_ep2_h256_b12         1e-5     1.0       2     256      12   0.8919  0.8220  0.9049
  lr2e4_es01_ep4_h512_b144        2e-4     0.1       4     512     144   0.8918  0.8222  0.9046
  lr2e4_es01_ep2_h128             2e-4     0.1       2     128           0.8918  0.8218  0.9047
  lr1e5_es10_ep2_h128_b12         1e-5     1.0       2     128      12   0.8915  0.8218  0.9044
  lr2e4_es01_ep2_h256             2e-4     0.1       2     256           0.8914  0.8212  0.9043
  lr1e5_es05_ep4_h128_b12         1e-5     0.5       4     128      12   0.8913  0.8216  0.9043
  lr2e4_es01_ep4_h128_b144        2e-4     0.1       4     128     144   0.8904  0.8208  0.9035
  lr2e4_es01_ep4_h256_b144        2e-4     0.1       4     256     144   0.8902  0.8203  0.9032
  lr1e5_es10_ep4_h512             1e-5     1.0       4     512           0.8883  0.8189  0.9016
  lr1e5_es10_ep4_h256             1e-5     1.0       4     256           0.8872  0.8182  0.9007
  lr1e5_es10_ep4_h128             1e-5     1.0       4     128           0.8867  0.8182  0.9001
  lr1e5_es05_ep2_h256_b12         1e-5     0.5       2     256      12   0.8748  0.8066  0.8905
  lr1e5_es05_ep2_h128_b12         1e-5     0.5       2     128      12   0.8736  0.8064  0.8893
  lr1e5_es05_ep2_h512_b12         1e-5     0.5       2     512      12   0.8734  0.8057  0.8891
  lr2e4_es01_ep2_h512_b144        2e-4     0.1       2     512     144   0.8713  0.8035  0.8873
  lr2e4_es01_ep2_h128_b144        2e-4     0.1       2     128     144   0.8712  0.8038  0.8872
  lr2e4_es01_ep2_h256_b144        2e-4     0.1       2     256     144   0.8711  0.8033  0.8873
  lr1e5_es05_ep4_h256             1e-5     0.5       4     256           0.8701  0.8036  0.8862
  lr1e5_es05_ep4_h128             1e-5     0.5       4     128           0.8685  0.8027  0.8846
  lr1e5_es05_ep4_h512             1e-5     0.5       4     512           0.8685  0.8023  0.8847
  lr1e5_es10_ep2_h256             1e-5     1.0       2     256           0.8683  0.8020  0.8847
  lr1e5_es10_ep2_h512             1e-5     1.0       2     512           0.8677  0.8013  0.8839
  lr1e5_es10_ep2_h128             1e-5     1.0       2     128           0.8670  0.8013  0.8832
  lr1e5_es10_ep4_h256_b144        1e-5     1.0       4     256     144   0.8660  0.8006  0.8826
  lr1e5_es10_ep4_h512_b144        1e-5     1.0       4     512     144   0.8649  0.7994  0.8815
  lr1e5_es10_ep4_h128_b144        1e-5     1.0       4     128     144   0.8637  0.7988  0.8803
  lr1e5_es01_ep4_h256_b12         1e-5     0.1       4     256      12   0.8525  0.7892  0.8713
  lr1e5_es01_ep4_h512_b12         1e-5     0.1       4     512      12   0.8514  0.7891  0.8703
  lr1e5_es01_ep4_h128_b12         1e-5     0.1       4     128      12   0.8512  0.7895  0.8701
  lr1e5_es05_ep2_h256             1e-5     0.5       2     256           0.8507  0.7873  0.8696
  lr1e5_es05_ep2_h128             1e-5     0.5       2     128           0.8492  0.7877  0.8680
  lr1e5_es05_ep4_h256_b144        1e-5     0.5       4     256     144   0.8480  0.7863  0.8672
  lr1e5_es05_ep2_h512             1e-5     0.5       2     512           0.8477  0.7861  0.8670
  lr1e5_es05_ep4_h128_b144        1e-5     0.5       4     128     144   0.8464  0.7860  0.8655
  lr1e5_es05_ep4_h512_b144        1e-5     0.5       4     512     144   0.8461  0.7855  0.8656
  lr1e6_es10_ep4_h256_b12         1e-6     1.0       4     256      12   0.8457  0.7853  0.8655
  lr1e5_es10_ep2_h256_b144        1e-5     1.0       2     256     144   0.8454  0.7840  0.8650
  lr1e5_es10_ep2_h128_b144        1e-5     1.0       2     128     144   0.8443  0.7832  0.8633
  lr1e6_es10_ep4_h128_b12         1e-6     1.0       4     128      12   0.8443  0.7848  0.8638
  lr1e5_es10_ep2_h512_b144        1e-5     1.0       2     512     144   0.8438  0.7829  0.8637
  lr1e6_es10_ep4_h512_b12         1e-6     1.0       4     512      12   0.8430  0.7829  0.8632
  lr1e5_es01_ep2_h256_b12         1e-5     0.1       2     256      12   0.8371  0.7804  0.8572
  lr1e5_es01_ep2_h128_b12         1e-5     0.1       2     128      12   0.8353  0.7754  0.8556
  lr1e5_es01_ep2_h512_b12         1e-5     0.1       2     512      12   0.8336  0.7734  0.8541
  lr1e6_es05_ep4_h256_b12         1e-6     0.5       4     256      12   0.8326  0.7773  0.8528
  lr1e6_es05_ep4_h128_b12         1e-6     0.5       4     128      12   0.8316  0.7749  0.8512
  lr1e5_es01_ep4_h256             1e-5     0.1       4     256           0.8316  0.7781  0.8509
  lr1e5_es01_ep4_h128             1e-5     0.1       4     128           0.8314  0.7762  0.8512
  lr1e5_es05_ep2_h256_b144        1e-5     0.5       2     256     144   0.8312  0.7755  0.8512
  lr1e5_es05_ep2_h128_b144        1e-5     0.5       2     128     144   0.8308  0.7745  0.8500
  lr1e6_es10_ep2_h128_b12         1e-6     1.0       2     128      12   0.8300  0.7731  0.8486
  lr1e6_es10_ep2_h256_b12         1e-6     1.0       2     256      12   0.8299  0.7723  0.8498
  lr1e5_es01_ep4_h512             1e-5     0.1       4     512           0.8292  0.7733  0.8492
  lr1e5_es05_ep2_h512_b144        1e-5     0.5       2     512     144   0.8287  0.7730  0.8490
  lr1e6_es05_ep4_h512_b12         1e-6     0.5       4     512      12   0.8282  0.7716  0.8485
  lr1e6_es10_ep2_h512_b12         1e-6     1.0       2     512      12   0.8269  0.7691  0.8475
  lr1e6_es10_ep4_h128             1e-6     1.0       4     128           0.8250  0.7715  0.8409
  lr1e6_es10_ep4_h512             1e-6     1.0       4     512           0.8242  0.7690  0.8438
  lr1e6_es10_ep4_h256             1e-6     1.0       4     256           0.8240  0.7694  0.8430
  lr1e6_es05_ep2_h256_b12         1e-6     0.5       2     256      12   0.8190  0.7620  0.8389
  lr1e5_es01_ep2_h128             1e-5     0.1       2     128           0.8181  0.7679  0.8380
  lr1e6_es05_ep2_h128_b12         1e-6     0.5       2     128      12   0.8180  0.7647  0.8357
  lr1e5_es01_ep2_h256             1e-5     0.1       2     256           0.8178  0.7689  0.8378
  lr1e5_es01_ep4_h128_b144        1e-5     0.1       4     128     144   0.8170  0.7675  0.8367
  lr1e5_es01_ep4_h256_b144        1e-5     0.1       4     256     144   0.8163  0.7681  0.8364
  lr1e5_es01_ep2_h512             1e-5     0.1       2     512           0.8152  0.7644  0.8354
  lr1e5_es01_ep4_h512_b144        1e-5     0.1       4     512     144   0.8143  0.7648  0.8344
  lr1e6_es05_ep4_h256             1e-6     0.5       4     256           0.8132  0.7615  0.8323
  lr1e6_es05_ep4_h128             1e-6     0.5       4     128           0.8118  0.7662  0.8257
  lr1e6_es05_ep4_h512             1e-6     0.5       4     512           0.8114  0.7588  0.8308
  lr1e6_es10_ep2_h512             1e-6     1.0       2     512           0.8099  0.7561  0.8284
  lr1e6_es10_ep2_h256             1e-6     1.0       2     256           0.8087  0.7582  0.8247
  lr1e6_es10_ep4_h512_b144        1e-6     1.0       4     512     144   0.8080  0.7565  0.8257
  lr1e6_es01_ep4_h128_b12         1e-6     0.1       4     128      12   0.8061  0.7622  0.8248
  lr1e6_es10_ep4_h256_b144        1e-6     1.0       4     256     144   0.8057  0.7572  0.8195
  lr1e6_es10_ep2_h128             1e-6     1.0       2     128           0.8056  0.7614  0.8145
  lr1e5_es01_ep2_h256_b144        1e-5     0.1       2     256     144   0.8024  0.7603  0.8216
  lr1e6_es01_ep4_h512_b12         1e-6     0.1       4     512      12   0.8020  0.7595  0.8215
  lr1e5_es01_ep2_h128_b144        1e-5     0.1       2     128     144   0.8016  0.7607  0.8190
  lr1e5_es01_ep2_h512_b144        1e-5     0.1       2     512     144   0.8014  0.7599  0.8204
  lr1e6_es10_ep4_h128_b144        1e-6     1.0       4     128     144   0.8004  0.7579  0.8066
  lr1e6_es05_ep2_h512_b12         1e-6     0.5       2     512      12   0.8002  0.7542  0.8193
  lr1e6_es01_ep4_h256_b12         1e-6     0.1       4     256      12   0.7995  0.7006  0.8215
  lr1e6_es05_ep2_h512             1e-6     0.5       2     512           0.7983  0.7542  0.8159
  lr2e4_es0_ep4_h512_b12          2e-4       0       4     512      12   0.7976  0.7504  0.8168
  lr1e6_es05_ep2_h256             1e-6     0.5       2     256           0.7967  0.7493  0.8113
  lr2e4_es0_ep4_h256_b12          2e-4       0       4     256      12   0.7964  0.7487  0.8157
  lr2e4_es0_ep2_h128_b12          2e-4       0       2     128      12   0.7964  0.6685  0.8178
  lr2e4_es0_ep4_h128_b12          2e-4       0       4     128      12   0.7955  0.7457  0.8147
  lr1e6_es05_ep4_h512_b144        1e-6     0.5       4     512     144   0.7950  0.7530  0.8118
  lr2e4_es0_ep2_h512_b12          2e-4       0       2     512      12   0.7939  0.7439  0.8131
  lr2e4_es0_ep4_h512              2e-4       0       4     512           0.7926  0.7460  0.8114
  lr2e4_es0_ep2_h256_b12          2e-4       0       2     256      12   0.7923  0.7425  0.8115
  lr1e6_es10_ep2_h512_b144        1e-6     1.0       2     512     144   0.7913  0.7440  0.8055
  lr2e4_es0_ep4_h256              2e-4       0       4     256           0.7904  0.7440  0.8092
  lr1e6_es05_ep4_h256_b144        1e-6     0.5       4     256     144   0.7901  0.7425  0.8020
  lr1e6_es01_ep2_h512_b12         1e-6     0.1       2     512      12   0.7898  0.7522  0.8069
  lr1e6_es05_ep2_h128             1e-6     0.5       2     128           0.7894  0.7514  0.7956
  lr1e6_es01_ep2_h128_b12         1e-6     0.1       2     128      12   0.7885  0.7514  0.8045
  lr1e5_es0_ep4_h512_b12          1e-5       0       4     512      12   0.7882  0.6824  0.8101
  lr1e6_es01_ep2_h256_b12         1e-6     0.1       2     256      12   0.7882  0.7465  0.8058
  lr2e4_es0_ep4_h128              2e-4       0       4     128           0.7877  0.7430  0.8064
  lr2e4_es0_ep2_h512              2e-4       0       2     512           0.7871  0.7456  0.8058
  lr2e4_es0_ep4_h512_b144         2e-4       0       4     512     144   0.7864  0.7459  0.8051
  lr2e4_es0_ep2_h256              2e-4       0       2     256           0.7851  0.7444  0.8038
  lr2e4_es0_ep4_h256_b144         2e-4       0       4     256     144   0.7847  0.7446  0.8034
  lr2e4_es0_ep2_h128              2e-4       0       2     128           0.7831  0.7435  0.8018
  lr2e4_es0_ep2_h512_b144         2e-4       0       2     512     144   0.7826  0.7443  0.8012
  lr2e4_es0_ep4_h128_b144         2e-4       0       4     128     144   0.7825  0.7434  0.8013
  lr1e6_es01_ep4_h512             1e-6     0.1       4     512           0.7810  0.7454  0.7979
  lr1e6_es05_ep4_h128_b144        1e-6     0.5       4     128     144   0.7809  0.7438  0.7843
  lr1e6_es10_ep2_h256_b144        1e-6     1.0       2     256     144   0.7807  0.7295  0.7910
  lr2e4_es0_ep2_h256_b144         2e-4       0       2     256     144   0.7807  0.7432  0.7994
  lr2e4_es0_ep2_h128_b144         2e-4       0       2     128     144   0.7777  0.7408  0.7963
  lr1e5_es0_ep4_h256_b12          1e-5       0       4     256      12   0.7771  0.7382  0.7962
  lr1e6_es01_ep4_h256             1e-6     0.1       4     256           0.7753  0.7351  0.7934
  lr1e5_es0_ep2_h512_b12          1e-5       0       2     512      12   0.7752  0.7363  0.7942
  lr1e6_es10_ep2_h128_b144        1e-6     1.0       2     128     144   0.7744  0.7385  0.7771
  lr1e5_es0_ep4_h128_b12          1e-5       0       4     128      12   0.7741  0.7354  0.7931
  lr1e5_es0_ep4_h512              1e-5       0       4     512           0.7737  0.7379  0.7920
  lr1e5_es0_ep2_h256_b12          1e-5       0       2     256      12   0.7722  0.7340  0.7910
  lr1e6_es01_ep4_h128             1e-6     0.1       4     128           0.7706  0.7334  0.7853
  lr1e5_es0_ep4_h256              1e-5       0       4     256           0.7701  0.7351  0.7882
  lr1e5_es0_ep2_h128_b12          1e-5       0       2     128      12   0.7688  0.7312  0.7875
  lr1e5_es0_ep2_h512              1e-5       0       2     512           0.7672  0.7326  0.7849
  lr1e5_es0_ep4_h512_b144         1e-5       0       4     512     144   0.7664  0.7323  0.7841
  lr1e5_es0_ep4_h128              1e-5       0       4     128           0.7658  0.7315  0.7835
  lr1e5_es0_ep2_h256              1e-5       0       2     256           0.7635  0.7306  0.7808
  lr1e6_es0_ep4_h512_b12          1e-6       0       4     512      12   0.7628  0.7271  0.7806
  lr1e5_es0_ep4_h256_b144         1e-5       0       4     256     144   0.7622  0.7305  0.7791
  lr1e6_es0_ep4_h256_b12          1e-6       0       4     256      12   0.7590  0.7267  0.7760
  lr1e5_es0_ep2_h128              1e-5       0       2     128           0.7579  0.7288  0.7741
  lr1e5_es0_ep2_h512_b144         1e-5       0       2     512     144   0.7575  0.7292  0.7735
  lr1e6_es05_ep2_h512_b144        1e-6     0.5       2     512     144   0.7567  0.7188  0.7730
  lr1e6_es0_ep2_h512_b12          1e-6       0       2     512      12   0.7547  0.7251  0.7710
  lr1e5_es0_ep4_h128_b144         1e-5       0       4     128     144   0.7532  0.7278  0.7688
  lr1e6_es01_ep2_h512             1e-6     0.1       2     512           0.7532  0.7255  0.7701
  lr1e6_es05_ep2_h128_b144        1e-6     0.5       2     128     144   0.7501  0.7251  0.7600
  lr1e6_es0_ep4_h128_b12          1e-6       0       4     128      12   0.7501  0.7225  0.7660
  lr1e6_es05_ep2_h256_b144        1e-6     0.5       2     256     144   0.7474  0.7228  0.7623
  lr1e5_es0_ep2_h256_b144         1e-5       0       2     256     144   0.7473  0.7282  0.7627
  lr1e6_es0_ep2_h256_b12          1e-6       0       2     256      12   0.7460  0.7221  0.7620
  lr1e6_es01_ep4_h512_b144        1e-6     0.1       4     512     144   0.7449  0.7293  0.7599
  lr1e6_es0_ep4_h512              1e-6       0       4     512           0.7446  0.7291  0.7600
  lr1e6_es01_ep2_h128             1e-6     0.1       2     128           0.7435  0.7318  0.7581
  lr1e6_es01_ep2_h256             1e-6     0.1       2     256           0.7410  0.7300  0.7569
  lr1e6_es01_ep2_h512_b144        1e-6     0.1       2     512     144   0.7384  0.7271  0.7538
  lr1e6_es0_ep2_h128_b12          1e-6       0       2     128      12   0.7363  0.7128  0.7522
  lr1e6_es0_ep2_h512              1e-6       0       2     512           0.7357  0.7310  0.7515
  lr1e6_es0_ep4_h256              1e-6       0       4     256           0.7353  0.7308  0.7513
  lr1e5_es0_ep2_h128_b144         1e-5       0       2     128     144   0.7338  0.7274  0.7496
  lr1e6_es0_ep4_h512_b144         1e-6       0       4     512     144   0.7320  0.7285  0.7481
  lr1e6_es01_ep4_h128_b144        1e-6     0.1       4     128     144   0.7318  0.7278  0.7486
  lr1e6_es0_ep2_h256              1e-6       0       2     256           0.7272  0.7186  0.7441
  lr1e6_es01_ep4_h256_b144        1e-6     0.1       4     256     144   0.7265  0.7281  0.7423
  lr1e6_es0_ep4_h128              1e-6       0       4     128           0.7249  0.7229  0.7417
  lr1e6_es0_ep2_h512_b144         1e-6       0       2     512     144   0.7246  0.7091  0.7413
  lr1e6_es0_ep4_h256_b144         1e-6       0       4     256     144   0.7226  0.7106  0.7400
  lr1e6_es0_ep2_h128              1e-6       0       2     128           0.7121  0.6993  0.7311
  lr1e6_es0_ep2_h256_b144         1e-6       0       2     256     144   0.7077  0.6974  0.7253
  lr1e6_es01_ep2_h256_b144        1e-6     0.1       2     256     144   0.7064  0.7044  0.7242
  lr1e6_es0_ep4_h128_b144         1e-6       0       4     128     144   0.7026  0.6962  0.7231
  lr1e6_es01_ep2_h128_b144        1e-6     0.1       2     128     144   0.7012  0.6962  0.7225
  lr1e6_es0_ep2_h128_b144         1e-6       0       2     128     144   0.6705  0.6957  0.6952
